gene_distribution[0] = 4.08978084585563e-07
gene_distribution[1] = 4.08978084585563e-07
gene_distribution[2] = 4.17498461347762e-07
gene_distribution[3] = 9.52578122013874e-06
gene_distribution[4] = 2.2152979581718e-05
gene_distribution[5] = 4.1613520106581e-05
gene_distribution[6] = 5.39680664117699e-05
gene_distribution[7] = 8.79302881858961e-05
gene_distribution[8] = 0.000110994948081169
